% lower bounds vector
%   note matlab arrays/vectors start at index 1 (not 0)
lb = zeros(32,1);
lb(1)  = 10    % cp11
lb(2)  = 15    % cp12
lb(3)  = 11    % cp21
lb(4)  = 8     % cp22
lb(5)  = 13    % cp31
lb(6)  = 8     % cp32
lb(7)  = 9     % cp33
lb(8)  = 14    % cp42
lb(9)  = 8     % cp43
lb(10) = 5     % cw11
lb(11) = 6     % cw12
lb(12) = 7     % cw13
lb(13) = 10    % cw14
lb(14) = 12    % cw23
lb(15) = 8     % cw24
lb(16) = 10    % cw25
lb(17) = 14    % cw26
lb(18) = 14    % cw34
lb(19) = 12    % cw35
lb(20) = 12    % cw36
lb(21) = 6     % cw37
lb(26) = 100   % d1
lb(27) = 150   % d2
lb(28) = 100   % d3
lb(29) = 200   % d4
lb(30) = 200   % d5
lb(31) = 150   % d6
lb(32) = 100   % d7
% upper bounds vector
%   note matlab arrays/vectors start at index 1 (not 0)
ub = Inf(32,1);
ub(1)  = 10    % cp11
ub(2)  = 15    % cp12
ub(3)  = 11    % cp21
ub(4)  = 8     % cp22
ub(5)  = 13    % cp31
ub(6)  = 8     % cp32
ub(7)  = 9     % cp33
ub(8)  = 14    % cp42
ub(9)  = 8     % cp43
ub(10) = 5     % cw11
ub(11) = 6     % cw12
ub(12) = 7     % cw13
ub(13) = 10    % cw14
ub(14) = 12    % cw23
ub(15) = 8     % cw24
ub(16) = 10    % cw25
ub(17) = 14    % cw26
ub(18) = 14    % cw34
ub(19) = 12    % cw35
ub(20) = 12    % cw36
ub(21) = 6     % cw37
ub(22) = 150   % s1
ub(23) = 450   % s2
ub(24) = 250   % s3
ub(25) = 150   % s4
